[gd_scene load_steps=8 format=2]

[ext_resource path="res://scenes/single/single.gd" type="Script" id=1]
[ext_resource path="res://objs/box/box.tscn" type="PackedScene" id=2]
[ext_resource path="res://materials/dark.tres" type="Material" id=3]
[ext_resource path="res://objs/player/player.tscn" type="PackedScene" id=4]
[ext_resource path="res://objs/rifle/rifle.tscn" type="PackedScene" id=5]

[sub_resource type="BoxShape" id=1]

[sub_resource type="PlaneMesh" id=2]

[node name="single" type="Spatial"]
script = ExtResource( 1 )

[node name="DirectionalLight" type="DirectionalLight" parent="."]
transform = Transform( 0.752931, 0.372615, -0.542451, 0.107331, 0.743705, 0.659835, 0.649288, -0.555032, 0.519966, -13.5452, 13.9912, 5.23611 )
shadow_enabled = true
shadow_color = Color( 0.34902, 0.34902, 0.34902, 1 )

[node name="players" type="Spatial" parent="."]

[node name="plane" type="StaticBody" parent="."]
transform = Transform( 30, 0, 0, 0, 1, 0, 0, 0, 30, 0, 0, 0 )

[node name="CollisionShape" type="CollisionShape" parent="plane"]
transform = Transform( 1, 0, 0, 0, 1, 0, 0, 0, 1, 0, -1, 0 )
shape = SubResource( 1 )

[node name="mesh" type="MeshInstance" parent="plane"]
mesh = SubResource( 2 )
material/0 = ExtResource( 3 )

[node name="spawns" type="Spatial" parent="."]

[node name="spawn1" type="Spatial" parent="spawns"]
transform = Transform( 1, 0, 0, 0, 1, 0, 0, 0, 1, -1.28448, 0, -22.1874 )

[node name="spawn2" type="Spatial" parent="spawns"]
transform = Transform( 1, 0, 0, 0, 1, 0, 0, 0, 1, 6.38778, 0, -12.1884 )

[node name="spawn3" type="Spatial" parent="spawns"]
transform = Transform( 1, 0, 0, 0, 1, 0, 0, 0, 1, 9.3885, 0, 0 )

[node name="spawn4" type="Spatial" parent="spawns"]
transform = Transform( 1, 0, 0, 0, 1, 0, 0, 0, 1, 3.98594, 0, 5.67957 )

[node name="spawn5" type="Spatial" parent="spawns"]
transform = Transform( 1, 0, 0, 0, 1, 0, 0, 0, 1, 0, 0, 6.36213 )

[node name="spawn6" type="Spatial" parent="spawns"]
transform = Transform( 1, 0, 0, 0, 1, 0, 0, 0, 1, -5.82003, 0, 5.43063 )

[node name="spawn7" type="Spatial" parent="spawns"]
transform = Transform( 1, 0, 0, 0, 1, 0, 0, 0, 1, -16.1309, 0, 6.47714 )

[node name="spawn8" type="Spatial" parent="spawns"]
transform = Transform( 1, 0, 0, 0, 1, 0, 0, 0, 1, -13.9745, 0, 0 )

[node name="spawn9" type="Spatial" parent="spawns"]
transform = Transform( 1, 0, 0, 0, 1, 0, 0, 0, 1, -19.607, 0, -6.70455 )

[node name="spawn10" type="Spatial" parent="spawns"]
transform = Transform( 1, 0, 0, 0, 1, 0, 0, 0, 1, -11.5569, 0, -12.3107 )

[node name="box" parent="." instance=ExtResource( 2 )]
transform = Transform( 1, 0, 0, 0, 1, 0, 0, 0, 1, -9.23263, 2.48042, -3.8964 )

[node name="big boxes" type="Spatial" parent="."]
transform = Transform( 3, 0, 0, 0, 2, 0, 0, 0, 3, 0, 2, 0 )

[node name="box" parent="big boxes" instance=ExtResource( 2 )]

[node name="box2" parent="big boxes" instance=ExtResource( 2 )]
transform = Transform( 1, 0, 0, 0, 1, 0, 0, 0, 1, 0, 0, 1.98726 )

[node name="box3" parent="big boxes" instance=ExtResource( 2 )]
transform = Transform( 0.999999, 0, 0, 0, 1, 0, 0, 0, 0.999999, -1.96962, 0, 1.00168 )

[node name="box4" parent="big boxes" instance=ExtResource( 2 )]
transform = Transform( 1, 0, 0, 0, 1, 0, 0, 0, 0.5, -0.564521, 2, 1.002 )

[node name="player" parent="." instance=ExtResource( 4 )]
transform = Transform( -0.400077, 0, -0.916481, 0, 1, 0, 0.916481, 0, -0.400077, 9.26756, 0, -15.8841 )
PLAYABLE = false

[node name="player2" parent="." instance=ExtResource( 4 )]
transform = Transform( -0.651701, 0, -0.758476, 0, 1, 0, 0.758476, 0, -0.651701, 4.60279, 0, -7.86474 )
PLAYABLE = false

[node name="player3" parent="." instance=ExtResource( 4 )]
transform = Transform( -0.915922, 0, -0.401356, 0, 1, 0, 0.401356, 0, -0.915922, 13.894, 0, -7.86474 )
PLAYABLE = false

[node name="rifle" parent="." instance=ExtResource( 5 )]
transform = Transform( -0.023342, 0.0190252, 0.999547, -0.0215288, 0.999578, -0.0195285, -0.999496, -0.0219749, -0.0229225, 4.49048, 0.460566, -14.9516 )
