[gd_scene load_steps=6 format=2]

[ext_resource path="res://scenes/single/single.gd" type="Script" id=1]
[ext_resource path="res://objs/box/box.tscn" type="PackedScene" id=2]
[ext_resource path="res://objs/player/player.tscn" type="PackedScene" id=4]

[sub_resource type="PlaneMesh" id=1]

[sub_resource type="BoxShape" id=2]

[node name="single" type="Spatial"]
script = ExtResource( 1 )

[node name="DirectionalLight" type="DirectionalLight" parent="."]
transform = Transform( 0.752931, 0.372615, -0.542451, 0.107331, 0.743705, 0.659835, 0.649288, -0.555032, 0.519966, -13.5452, 13.9912, 5.23611 )
shadow_enabled = true
shadow_color = Color( 0.34902, 0.34902, 0.34902, 1 )

[node name="players" type="Spatial" parent="."]

[node name="plane" type="MeshInstance" parent="."]
transform = Transform( 30, 0, 0, 0, 1, 0, 0, 0, 30, 0, 0, 0 )
mesh = SubResource( 1 )
material/0 = null

[node name="StaticBody" type="StaticBody" parent="plane"]

[node name="CollisionShape" type="CollisionShape" parent="plane/StaticBody"]
shape = SubResource( 2 )

[node name="spawns" type="Spatial" parent="."]

[node name="spawn1" type="Spatial" parent="spawns"]
transform = Transform( 1, 0, 0, 0, 1, 0, 0, 0, 1, -1.28448, 0, -22.1874 )

[node name="spawn2" type="Spatial" parent="spawns"]
transform = Transform( 1, 0, 0, 0, 1, 0, 0, 0, 1, 6.38778, 0, -12.1884 )

[node name="spawn3" type="Spatial" parent="spawns"]
transform = Transform( 1, 0, 0, 0, 1, 0, 0, 0, 1, 9.3885, 0, 0 )

[node name="spawn4" type="Spatial" parent="spawns"]
transform = Transform( 1, 0, 0, 0, 1, 0, 0, 0, 1, 3.98594, 0, 5.67957 )

[node name="spawn5" type="Spatial" parent="spawns"]
transform = Transform( 1, 0, 0, 0, 1, 0, 0, 0, 1, 0, 0, 6.36213 )

[node name="spawn6" type="Spatial" parent="spawns"]
transform = Transform( 1, 0, 0, 0, 1, 0, 0, 0, 1, -5.82003, 0, 5.43063 )

[node name="spawn7" type="Spatial" parent="spawns"]
transform = Transform( 1, 0, 0, 0, 1, 0, 0, 0, 1, -16.1309, 0, 6.47714 )

[node name="spawn8" type="Spatial" parent="spawns"]
transform = Transform( 1, 0, 0, 0, 1, 0, 0, 0, 1, -13.9745, 0, 0 )

[node name="spawn9" type="Spatial" parent="spawns"]
transform = Transform( 1, 0, 0, 0, 1, 0, 0, 0, 1, -19.607, 0, -6.70455 )

[node name="spawn10" type="Spatial" parent="spawns"]
transform = Transform( 1, 0, 0, 0, 1, 0, 0, 0, 1, -11.5569, 0, -12.3107 )

[node name="box" parent="." instance=ExtResource( 2 )]
transform = Transform( 1, 0, 0, 0, 1, 0, 0, 0, 1, -9.23263, 2.48042, -3.8964 )

[node name="box2" parent="." instance=ExtResource( 2 )]
transform = Transform( 7.44388, -3.43425, -3.13436, 1.37965, 0.671961, 0.197027, 5.10996, -7.4521, 5.57066, -4.90125, 1, 5.14809 )

[node name="player" parent="." instance=ExtResource( 4 )]
transform = Transform( -0.801859, 0, -0.597513, 0, 1, 0, 0.597513, 0, -0.801859, 9.26756, 1, -15.8841 )
PLAYABLE = false

[node name="player2" parent="." instance=ExtResource( 4 )]
transform = Transform( -0.139536, 0, -0.990217, 0, 1, 0, 0.990217, 0, -0.139536, 4.60279, 1, -7.86474 )
PLAYABLE = false

[node name="player3" parent="." instance=ExtResource( 4 )]
transform = Transform( -0.832641, 0, -0.553813, 0, 1, 0, 0.553813, 0, -0.832641, 13.894, 1, -7.86474 )
PLAYABLE = false
