[gd_scene load_steps=5 format=2]

[ext_resource path="res://scenes/single/single.gd" type="Script" id=1]
[ext_resource path="res://objs/box/box.tscn" type="PackedScene" id=2]

[sub_resource type="PlaneMesh" id=1]

[sub_resource type="BoxShape" id=2]

[node name="single" type="Spatial"]
script = ExtResource( 1 )

[node name="DirectionalLight" type="DirectionalLight" parent="."]
transform = Transform( 0.752931, 0.372615, -0.542451, 0.107331, 0.743705, 0.659835, 0.649288, -0.555032, 0.519966, -13.5452, 13.9912, 5.23611 )
shadow_enabled = true
shadow_color = Color( 0.34902, 0.34902, 0.34902, 1 )

[node name="players" type="Spatial" parent="."]

[node name="plane" type="MeshInstance" parent="."]
transform = Transform( 30, 0, 0, 0, 1, 0, 0, 0, 30, 0, 0, 0 )
mesh = SubResource( 1 )
material/0 = null

[node name="StaticBody" type="StaticBody" parent="plane"]

[node name="CollisionShape" type="CollisionShape" parent="plane/StaticBody"]
shape = SubResource( 2 )

[node name="box" parent="." instance=ExtResource( 2 )]
transform = Transform( 1, 0, 0, 0, 1, 0, 0, 0, 1, 5, 1, 5 )

[node name="box2" parent="." instance=ExtResource( 2 )]
transform = Transform( 1, 0, 0, 0, 1, 0, 0, 0, 1, 12.9342, 1, -1.67652 )

[node name="box3" parent="." instance=ExtResource( 2 )]
transform = Transform( 1, 0, 0, 0, 1, 0, 0, 0, 1, -9.9517, 1, 1.27465 )

[node name="box4" parent="." instance=ExtResource( 2 )]
transform = Transform( 0.749695, -0.49349, 0.440936, 0.661783, 0.559046, -0.499511, 0, 0.666285, 0.745697, -16.4738, 1, -13.1008 )

[node name="box5" parent="." instance=ExtResource( 2 )]
transform = Transform( 0.727766, -0.01784, -0.685594, 0.357755, 0.862751, 0.357311, 0.585123, -0.505314, 0.634263, -12.6922, 1, 17.9521 )

[node name="box6" parent="." instance=ExtResource( 2 )]
transform = Transform( 0.727766, -0.0178401, -2.05678, 0.357755, 0.862751, 1.07193, 0.585123, -0.505314, 1.90279, -0.666174, 1, 21.2235 )

[node name="box7" parent="." instance=ExtResource( 2 )]
transform = Transform( -1.61785, -1.03805, -2.30326, -1.24983, 2.70579, -0.341565, 2.19557, 0.775359, -1.89164, 5.05555, 1, -14.4381 )

[node name="spawns" type="Spatial" parent="."]

[node name="spawn1" type="Spatial" parent="spawns"]
transform = Transform( 1, 0, 0, 0, 1, 0, 0, 0, 1, -1.28448, 0, -22.1874 )

[node name="spawn2" type="Spatial" parent="spawns"]
transform = Transform( 1, 0, 0, 0, 1, 0, 0, 0, 1, 6.38778, 0, -12.1884 )

[node name="spawn3" type="Spatial" parent="spawns"]
transform = Transform( 1, 0, 0, 0, 1, 0, 0, 0, 1, 9.3885, 0, 0 )

[node name="spawn4" type="Spatial" parent="spawns"]
transform = Transform( 1, 0, 0, 0, 1, 0, 0, 0, 1, 3.98594, 0, 5.67957 )

[node name="spawn5" type="Spatial" parent="spawns"]
transform = Transform( 1, 0, 0, 0, 1, 0, 0, 0, 1, 0, 0, 6.36213 )

[node name="spawn6" type="Spatial" parent="spawns"]
transform = Transform( 1, 0, 0, 0, 1, 0, 0, 0, 1, -5.82003, 0, 5.43063 )

[node name="spawn7" type="Spatial" parent="spawns"]
transform = Transform( 1, 0, 0, 0, 1, 0, 0, 0, 1, -16.1309, 0, 6.47714 )

[node name="spawn8" type="Spatial" parent="spawns"]
transform = Transform( 1, 0, 0, 0, 1, 0, 0, 0, 1, -13.9745, 0, 0 )

[node name="spawn9" type="Spatial" parent="spawns"]
transform = Transform( 1, 0, 0, 0, 1, 0, 0, 0, 1, -19.607, 0, -6.70455 )

[node name="spawn10" type="Spatial" parent="spawns"]
transform = Transform( 1, 0, 0, 0, 1, 0, 0, 0, 1, -11.5569, 0, -12.3107 )
